Experiment results: data2_dancer300-dancer

1. Agents description.
	1.0. Dancer
	id: 0
	dancer: <class 'src.ModelClasses.Dancers.Dancer'>
	dancer_params: {}
	reward_model: <class 'src.RewardClasses.RewardN.Reward'>
	reward_model_params: {'noise': True, 'noise_type': 'first_iterations', 'noise_count': 20}
	learning_model: <class 'src.LearningModelClasses.LearningModel.LearningModel'>
	learning_model_params: {'alpha': 0.2, 'gamma': 0.5}
	1.1. Dancer
	id: 1
	dancer: <class 'src.ModelClasses.Dancers.Dancer'>
	dancer_params: {}
	reward_model: <class 'src.RewardClasses.RewardN.Reward'>
	reward_model_params: {'noise': True, 'noise_type': 'first_iterations', 'noise_count': 20}
	learning_model: <class 'src.LearningModelClasses.LearningModel.LearningModel'>
	learning_model_params: {'alpha': 0.2, 'gamma': 0.5}
	1.2. Dancer
	id: 2
	dancer: <class 'src.ModelClasses.Dancers.DancerData'>
	dancer_params: {'path': '../../dancer_data/data2/300.csv'}
	reward_model: <class 'src.RewardClasses.RewardN.Reward'>
	reward_model_params: {}
	learning_model: <class 'src.LearningModelClasses.LearningModel.LearningModel'>
	learning_model_params: {'alpha': 0.2, 'gamma': 0.5}

2. System description.
	Iterations: 3000
	Valence count: 2
	Valences: {'Invite': False, 'Dance': True}

3. Rewards data.
	[-1, -2, 1, 3, 1, -1, 1, -1, 1, 0, 3, 0, 0, -2, -2, -2, -4, -1, 4, 3, -11, -3, -1, -3, -13, -3, -15, 5, -5, 15, -23, -3, -11, -3, -5, 3, 11, -3, 11, -3, 11, -3, 11, -3, 11, -3, 13, -5, 19, 1, 19, 1, 19, 1, 19, 1, 19, 1, 19, 1, 19, 1, 19, 1, 19, 1, 14, -9, 9, -9, 9, -9, 9, -9, 9, -9, -12, -18, 4, 0, 0, -6, 14, -10, -4, 2, -10, -10, -10, -10, 0, 2, 2, 2, 2, 2, 2, 2, 2, 5, -3, 11, -3, 11, -3, 11, -3, 11, -3, 11, -3, 11, -3, 13, -9, -3, -1, -9, -1, -9, -1, -5, -11, -7, 3, -7, -23, -3, -13, -9, -11, -13, -7, -18, -8, -14, 2, -4, -6, -2, -16, 6, 0, -2, -14, 14, 2, 14, 2, 14, 2, 14, 2, 14, 2, 14, 5, 15, 11, -3, 11, -3, 11, -3, 11, -3, 11, -3, 11, -3, 11, -3, 11, -3, 11, -3, 11, -3, 11, -3, 11, -3, 11, -3, 11, -3, 11, -3, 11, -3, 11, -3, 11, -3, 11, -3, 11, -3, 11, -3, 11, -3, 11, -3, 11, -3, 11, -3, 11, -3, 11, -3, 11, -3, 11, -6, 13, 1, 1, -7, -5, -7, -3, 11, -3, 11, -3, 11, -3, 11, -3, 11, -3, 11, -3, 11, -3, 11, -3, 11, -3, 11, -3, 11, -3, 11, -3, 11, -6, 3, 1, -5, -5, -5, -5, -5, -5, -5, -5, -7, 5, -7, -9, -9, -7, -1, 1, 1, 1, 11, -20, -20, -22, 1, 9, -7, -5, -3, -11, 3, -15, -1, -7, -9, 1, -9, -7, -11, -5, -1, -9, 3, -15, -1, -5, -5, -11, -14, 3, 3, -7, -7, -9, 3, 5, -7, 5, -7, 5, -7, 5, 5, -1, 5, -5, 7, -5, -5, -5, -5, 7, -5, 17, -9, -9, -7, -9, -11, 11, -9, -7, -11, 5, -1, 3, 5, 3, 5, 5, -11, -3, -9, -7, 3, -9, -11, -13, -13, -9, -13, 11, -9, 9, 7, 9, -11, -1, -5, 7, -11, -12, 6, -10, -12, 7, -5, 5, -5, -5, -5, -3, -3, -7, 3, -11, 3, 5, 5, 5, 5, 5, 5, 5, 5, 5, 5, 5, 3, -1, 5, -1, -1, -1, -1, -1, -1, -1, -1, -1, -1, -1, -1, -1, -1, -1, -1, -1, -1, -1, -11, -11, -11, -11, -11, -11, -11, -14, -3, 5, 5, 5, -7, -5, -11, -11, 7, -11, -5, 5, 17, -1, 1, 5, -9, -1, -3, 11, 5, 1, 5, -7, 1, 5, 17, -3, 11, -1, 17, -1, 7, -9, 11, 1, -9, 11, -1, 1, -9, 11, 1, -14, 6, -4, -12, 2, -12, 2, -12, 2, -12, 2, -12, 2, -12, 2, -12, 2, -12, 2, -12, 2, -12, -3, -17, -3, -17, 0, -9, -3, 11, -7, -9, -1, 3, 11, 5, 3, 11, 5, 3, 11, 5, 3, 11, 5, 3, 11, 5, 3, 11, 5, 3, 6, 0, -2, 6, 0, -6, -3, -7, -3, -1, 1, -3, -5, 13, -1, 15, -3, 9, 9, 11, 15, -1, 15, -1, 15, -1, 15, -1, 15, -1, 15, -1, 15, -1, 15, -1, 15, -1, 15, -1, 15, -4, 17, -5, 5, -5, 5, -5, 5, -5, 5, -5, 1, 1, 1, -1, -7, 7, 3, 1, 1, 1, 1, -1, -5, -5, -11, -5, -7, -5, -5, -16, -10, -7, 5, 1, -7, -7, -3, 1, -1, 13, 15, -3, 11, 15, -1, -5, 17, -5, 17, -5, 3, 1, 3, 1, -5, -5, -5, -5, -5, -5, 1, 1, -5, 1, -1, -13, -9, -9, -15, 1, 5, -9, -12, -19, -19, -17, -21, -23, -16, -14, -18, -12, -2, -18, -10, -2, 0, -8, -20, -14, -7, -9, 3, 3, 11, -5, 5, 11, -7, 5, 7, 5, 1, 13, 5, 1, 5, -1, -1, -1, -1, -1, -1, -3, -9, -11, -5, -9, -14, -14, -16, -14, -2, -14, -18, -16, -16, -12, -14, -12, -2, 0, 0, 0, 0, 0, 0, 0, 0, 0, 3, -5, 5, 5, 3, -5, 5, 1, 5, -9, -1, 3, -3, -5, 5, -7, 1, 5, -9, -5, 5, -9, -5, 3, -3, 11, 1, 5, 3, 11, 3, 11, 3, 11, 3, 11, 3, 11, 3, 11, 3, 11, 3, 11, 3, 11, 3, 6, -2, 6, -2, -7, 3, -13, -1, -9, 5, -3, 1, -5, -1, -7, -7, -7, -13, -7, 1, -3, -7, 1, -7, 1, -5, -3, -9, 13, 3, 11, 3, 11, 3, 11, 3, 11, 3, 11, 3, 11, 3, 11, 3, 6, -2, 6, -2, 6, -2, 6, -2, 6, -2, 6, -2, 6, 1, 5, 17, 1, 3, 9, -3, 8, 5, -7, -7, -7, -7, -7, -7, -7, -7, -7, -7, -7, -7, 7, -7, -5, 5, 9, 9, -5, 5, 1, 5, 1, 5, 1, 5, 1, 5, 1, 5, 1, 5, 1, 5, 1, 5, 1, 5, 1, 5, 1, 2, 5, -5, -5, 7, -5, 7, -5, 7, -5, 7, -5, 7, -5, 7, -5, 7, -5, 7, -5, -3, -15, -3, -15, -3, -15, -3, -15, -3, -15, -3, -15, -3, -15, -3, -15, -3, -15, -17, -7, -5, -8, -2, -4, -12, -10, -4, -10, 2, -4, -10, 2, -4, -10, 2, -4, -10, 2, -4, -10, 2, -4, -10, 2, -4, -10, 2, -4, -10, 2, -4, -10, 2, -4, -10, 2, -4, -10, 2, -4, -10, 2, -4, -10, 2, -4, -10, 5, 5, 17, 1, 5, 1, 5, 1, 5, 1, 5, 1, 5, 1, 5, 1, 5, 1, 5, 1, 5, 1, 5, 1, 5, 1, 5, 1, 5, 1, 5, 1, 5, 1, 5, 1, 5, 1, 2, 7, 1, -5, 7, 1, -5, 7, 1, -5, 7, 1, -5, 7, 1, -5, 7, 1, -5, 7, -4, -10, 2, -4, -10, 2, -4, -10, 2, -4, -10, 2, -4, -10, 2, -4, -10, 2, -4, -10, 2, -4, -10, 2, -4, -10, 2, -4, -10, 2, -4, -10, 2, -4, -10, 2, -4, -10, 2, -4, -10, 2, -4, -10, 5, 5, 1, 5, 17, 1, 5, 17, 1, 5, 17, 1, 5, 17, 1, 5, 17, 1, 5, 17, 1, 5, 17, 1, 5, 17, 1, 5, 17, 1, 5, 17, 1, 5, 17, 1, 5, 17, 1, 5, 17, -2, -1, 7, 17, 13, 7, 1, -5, 7, 1, -5, 7, 1, -5, 7, 1, -5, 7, 1, -5, 2, -4, -10, 2, 5, 13, 17, -5, 5, 13, -1, 7, -7, -5, 17, -5, 5, 13, 17, -5, 5, 13, 17, -10, 0, 8, 15, -3, -3, -3, -3, -3, -3, -3, -1, -5, 5, 13, 17, -5, 5, 13, 17, -5, 5, 13, 17, -5, 1, -5, 7, 19, 19, 19, 19, 19, 19, 19, 19, 19, 19, 19, 19, 19, 19, 19, 19, 17, 17, 3, -1, 5, -5, 5, 17, 5, -5, 5, 19, 1, 5, 13, 17, -5, -7, 7, -5, 17, -7, -5, -1, 13, 17, -5, 1, 5, 13, 17, -10, -10, 12, -10, -10, 12, -10, -10, 12, -10, -10, 12, -10, -10, 12, -10, -10, 12, -10, -10, 12, -10, -10, 12, -10, -10, 12, -10, -10, 12, -5, -5, 7, 19, 19, 19, 19, 19, 19, 19, 19, 19, 19, 19, 19, 19, 19, 19, 19, 14, 14, 9, 4, 4, 4, 4, 4, 4, 4, 4, 4, 4, 4, 4, 4, 4, 4, 4, 4, 4, 15, 1, 5, 13, 15, 1, 5, 11, 17, 5, -5, 5, 17, 5, -5, 5, 17, 5, -5, 5, 17, 5, -5, 5, 17, 5, -5, 5, 17, 5, -5, 5, 17, 5, -5, 5, 17, 5, -5, 5, 17, 5, -5, 2, 15, 1, 5, 13, 15, 1, 5, 13, 15, 1, 5, 13, 15, 1, 3, 9, 9, -1, 5, -5, 3, 9, 11, -5, 3, 9, 11, -5, 3, 9, 11, -5, 3, 9, 11, -5, 3, 9, 8, -5, 15, 1, 5, 13, 15, 1, -5, 7, 19, 19, 17, 17, 5, -5, 3, 9, 11, 7, -5, 17, 13, 17, 13, 17, 13, 17, 13, 17, 13, 17, 13, 17, 7, 19, 19, 19, 19, 19, 14, 14, 14, 14, 14, 14, 14, 14, 14, 14, 14, 14, 14, 9, 4, 4, 4, 4, 4, 4, 4, 4, 4, 4, 4, 4, 4, 4, 4, 4, 4, 4, 4, 4, 4, 4, 4, 4, 12, 8, 12, 6, 12, 5, 5, 5, 5, 5, 5, 5, 5, 5, 5, 5, 5, 5, 5, 5, 5, 5, 5, 0, -5, -5, -5, -5, -5, -5, -5, -5, -5, -5, -5, -5, -5, -2, -6, -2, -6, -2, -6, -2, -6, -2, -6, -2, -6, -2, -6, -2, -6, -2, -6, -2, -6, -2, -6, -2, -6, -2, -6, -2, -6, -2, -6, -2, -6, -2, -6, -5, -10, -10, 2, 19, 19, 19, 19, 19, 19, 19, 19, 19, 19, 19, 19, 19, 19, 19, 19, 14, 14, 9, 4, 4, 4, 4, 4, 4, 4, 4, 4, 4, 7, 7, 3, 9, 11, 3, 9, 11, 3, 11, 3, 11, 3, 11, 3, 11, 3, 11, 5, 7, 19, 19, 19, 19, 19, 19, 19, 19, 19, 19, 19, 17, 17, 3, 13, 7, 19, 19, 17, 17, 3, 11, 7, 1, 5, 13, 1, 5, -5, -5, 17, 13, 1, 5, -5, -5, 17, 13, 7, 19, 19, 19, 19, 19, 19, 19, 19, 19, 19, 19, 17, 17, 3, 11, 17, 3, 11, 17, 3, 11, 17, 3, 11, 17, 3, 11, 17, 3, 11, 17, 3, 11, 17, 3, 11, 17, 3, 11, 17, 3, 11, 17, 3, 11, 17, 3, 11, 17, 3, 11, 17, 3, 11, 17, 3, 11, 17, 3, 11, 17, 3, 11, 17, 3, 11, 17, 3, 11, 17, 3, 11, 17, 3, 11, 17, 0, 11, 7, -5, 17, 13, 17, 13, 17, 13, 17, 13, 17, 13, 17, 13, 17, 13, 17, 13, 12, 8, 12, 3, 7, 3, 7, 3, 7, 3, 7, 2, 14, 14, 14, 14, 14, 14, 14, 14, 14, 14, 14, 14, 14, 14, 14, 14, 14, 14, 9, 4, 4, 4, 4, 4, 7, 7, 0, 12, 0, 12, 0, 12, 0, 12, 2, 14, 14, 14, 14, 14, 14, 14, 14, 14, 14, 17, 13, 17, 13, 17, 13, 17, 13, 17, 8, 12, 8, 12, 8, 12, 8, 12, 8, 12, 3, 7, 3, 7, 3, 7, 3, 7, 3, 14, 14, 14, 14, 14, 14, 12, 8, 12, 8, 12, 8, 12, 8, 12, 8, 12, 8, 12, 8, 12, 8, 12, 8, 12, 3, 7, 3, 7, 3, 7, 3, 7, 3, 7, 3, 7, 3, 7, 3, 7, 3, 7, 3, 7, 3, 10, 6, 12, 5, 17, 5, 17, 5, 17, 5, 17, 5, 17, 5, 17, 5, 17, 5, 17, 5, 17, 0, 12, 0, 12, 0, 12, 0, 12, 0, 12, 0, 12, 0, 12, 0, 12, 0, 12, 0, 12, 0, 12, 0, 12, 0, 12, 0, 12, 0, 12, 0, 12, 0, 12, 0, 12, 0, 12, 0, 12, 0, 12, 0, 12, 0, 12, 0, 12, 0, 12, 0, 12, 0, 12, 0, 12, 0, 12, 0, 12, 0, 12, 0, 12, 0, 9, -4, 5, -5, -5, 17, 13, 17, 13, 17, 13, 17, 13, 17, 13, 17, 13, 17, 13, 17, 7, 19, 19, 19, 14, 14, 14, 14, 14, 14, 14, 14, 14, 14, 14, 14, 14, 14, 14, 9, 4, 4, 4, 4, 4, 4, 4, 4, 4, 4, 4, 4, 4, 4, 4, 4, 4, 4, 4, 4, 4, 4, 4, 7, 7, -5, 3, 11, 17, -5, 3, 11, 17, -5, 3, 11, 17, -5, 3, 11, 17, -5, 3, 11, 17, -5, 3, 11, 17, -5, 3, 11, 17, -5, 3, 11, 17, -5, 3, 11, 17, -5, 3, 11, 17, -5, 3, 11, 17, -5, 3, 11, 17, -5, 3, 11, 17, -5, 3, 11, 14, -5, 19, 19, 19, 19, 19, 19, 19, 19, 19, 19, 19, 19, 19, 19, 19, 19, 19, 19, 14, 4, 4, 4, 4, 4, 4, 4, 4, 4, 4, 4, 4, 4, 4, 7, 10, -3, 11, 5, 15, -1, 5, 15, -1, 17, -5, 15, 11, 15, -1, 15, -1, 15, -1, 15, -1, 15, -1, 15, -1, 15, -1, 15, -1, 15, -1, 15, -1, 15, -1, 15, -1, 15, -1, 15, -1, 15, -1, 15, -1, 12, -5, 17, 13, 17, 13, 17, 13, 17, 13, 17, 13, 17, 13, 17, 13, 17, 13, 17, 13, 12, 3, 7, 3, 7, 3, 7, 3, 7, 3, 7, 3, 7, 3, 7, 3, 7, 3, 7, 3, 7, 3, 7, 3, 7, 3, 7, 3, 7, 3, 7, 3, 7, 3, 7, 3, 7, 3, 7, 3, 7, 3, 7, 3, 14, 14, 14, 14, 14, 14, 14, 14, 14, 14, 14, 14, 14, 14, 14, 14, 14, 14, 14, 4, 4, 4, 4, 4, 4, 4, 4, 4, 4, 4, 4, 4, 4, 4, 4, 4, 4, 4, 4, 4, 4, 4, 4, 4, 4, 4, 4, 4, 4, 4, 4, 4, 4, 7, 10, -1, 15, -1, 15, -1, 15, -1, 15, -1, 15, -1, 15, -1, 15, -1, 15, 1, 17, 13, 17, 13, 17, 13, 17, 13, 17, 13, 17, 13, 17, 13, 17, 13, 17, 13, 17, 3, 7, 3, 7, 3, 7, 3, 14, 14, 14, 14, 14, 14, 14, 14, 14, 14, 14, 14, 14, 14, 14, 14, 12, 8, 12, 8, 12, 8, 12, 8, 12, 8, 12, 8, 12, 8, 12, 8, 12, 8, 12, 3, 7, 3, 7, 3, 7, 3, 7, 3, 7, 3, 7, 3, 7, 3, 7, 3, 7, 3, 7, 3, 7, 3, 7, 3, 7, 3, 7, 3, 7, 3, 7, 3, 7, 3, 7, 3, 7, 2, 14, 14, 14, 14, 14, 14, 14, 14, 14, 14, 14, 14, 14, 14, 14, 14, 14, 14, 9, 4, 4, 4, 4, 4, 4, 4, 4, 4, 4, 4, 4, 4, 4, 4, 4, 4, 4, 7, 10, -1, 3, 11, 5, 15, 1, 1, -5, 19, 19, 19, 19, 19, 19, 19, 19, 19, 19, 19, 19, 19, 19, 19, 19, 19, 14, 14, 4, 4, 4, 4, 4, 4, 4, 4, 4, 4, 4, 4, 12, 8, 12, 8, 12, 8, 12, 8, 12, 8, 12, 8, 12, 8, 12, 8, 12, 8, 12, 3, 7, 3, 7, 3, 7, 3, 7, 3, 7, 3, 7, 3, 7, 3, 7, 3, 7, 3, 7, 3, 7, 3, 7, 3, 7, 3, 7, 3, 10, 6, 15, -1, -5, 5, 7, 19, 19, 19, 19, 19, 19, 19, 19, 19, 19, 19, 19, 19, 19, 19, 19, 19, 19, 12, 10, -1, -5, 5, 15, -1, -5, 5, 15, -1, -5, 5, 15, -1, -5, 5, 15, -1, -5, 5, 15, -1, -5, 5, 15, -1, -5, 5, 12, -5, -5, 19, 19, 19, 19, 19, 19, 19, 19, 19, 19, 19, 19, 19, 19, 19, 19, 19, 14, 14, 4, 4, 12, 8, 12, 8, 12, 8, 12, 8, 12, 8, 12, 8, 12, 8, 12, 8, 12, 8, 12, 3, 7, 3, 7, 3, 7, 3, 7, 3, 7, 3, 7, 3, 7, 3, 7, 3, 7, 3, 14, 14, 14, 14, 14, 14, 14, 12, 8, 12, 8, 12, 8, 12, 8, 12, 8, 12, 8, 12, 8, 12, 8, 12, 8, 12, 3, 7, 6, 12, 0, 5, 17, 5, 17, 5, 17, 5, 17, 5, 17, 5, 17, 5, 17, 5, 17, 5, 17, 5, 17, 0, 12, 0, 12, 0, 12, 0, 12, 0, 12, 0, 12, 0, 12, 0, 12, 0, 12, 0, 12, 0, 12, 0, 12, 0, 12, 0, 12, 0, 12, -3, 14, 14, 14, 14, 14, 14, 14, 14, 14, 14, 14, 14, 14, 14, 14, 14, 14, 14, 14, 4, 4, 4, 4, 4, 12, 8, 12, 8, 12, 8, 12, 8, 12, 8, 12, 8, 12, 8, 12, 8, 12, 8, 12, 3, 7, 3, 7, 3, 7, 3, 7, 3, 7, 3, 7, 3, 7, 3, 7, 3, 7, 3, 10, 6, 12, 0, 12, 0, 12, 0, 12, 0, 12, 0, 12, 0, 12, 0, 12, 0, 12, 0, 12, 0, 12, 0, 12, 0, 12, 0, 12, 0, 12, 0, 12, 0, 12, 0, 12, 0, 12, -3, 12, 8, 12, 8, 12, 8, 12, 2, 14, 14, 14, 14, 14, 14, 14, 14, 14, 14, 14, 14, 14, 14, 14, 14, 14, 14, 9, 4, 4, 4, 4, 4, 4, 4, 4, 4, 4, 4, 4, 4, 4, 4, 4, 4, 4, 4, 4, 4, 4, 4, 4, 4, 4, 4, 4, 4, 4, 4, 4, 4, 4, 4, 4, 4, 4, 4, 4, 4, 4, 4, 4, 4, 4, 4, 4, 4, 4, 4, 4, 4, 4, 4, 4, 4, 4, 4, 4, 4, 4, 4, 4, 4, 4, 4, 12, 8, 12, 6, 14, -4, -4, -5, 19, 19, 19, 19, 19, 19, 19, 19, 19, 19, 19, 19, 19, 19, 19, 19, 14, 14, 14, 4, 4, 4, 4, 4, 4, 4, 4, 4, 4, 4, 4, 4, 4, 4, 4, 4, 12, 8, 12, 8, 12, 8, 12, 8, 12, 8, 12, 8, 12, 8, 10, 6, 12, -3, 1, 19, 19, 19, 19, 19, 19, 19, 19, 19, 19, 19, 19, 19, 19, 19, 19, 19, 19, 14, 4, 4, 4, 4, 4, 4, 4, 4, 4, 4, 4, 4, 4, 4, 4, 4, 4, 4, 4, 4, 4, 4, 4, 4, 4, 4, 4, 4, 4, 4, 4, 4, 4, 4, 4, 4, 4, 4, 4, 4, 7, 7, -3, 11, 5, 17, -3, -1, 5, 17, -3, -1, 17, -3, -3, 11, 5, 17, -3]

4. Rewards statistics.
	Less 0: 751
	Greater or equal 0: 2249
	Mean: 5.044333333333333
	STD: 8.416672019800279
